0               1514    
1               1553    
2               1582    
3               1569    
4               1569    
5               1602    
6               1559    
7               1567    
8               1579    
9               1560    
10              1569    
11              1603    
12              1569    
13              1558    
14              1562    
15              1509    
16              1517    
17              1518    
18              1537    
19              1509    
20              1518    
21              1592    
22              1490    
23              1511    
24              1577    
25              1536    
26              1568    
27              1610    
28              1594    
29              1577    
30              1574    
31              1574    
32              1581    
33              1588    
34              1534    
35              1534    
36              1572    
37              1534    
38              1574    
39              1547    
40              1592    
41              1654    
42              1624    
43              1527    
44              1537    
45              1596    
46              1493    
47              1493    
48              1528    
49              1588    
50              1624    
51              1599    
52              1616    
53              1526    
54              1526    
55              1557    
56              1523    
57              1556    
58              1587    
59              1602    
60              1575    
61              1556    
62              1526    
63              1536    
64              1527    
65              1550    
66              1526    
67              1580    
68              1530    
69              1530    
70              1551    
71              1609    
72              1518    
73              1518    
74              1576    
75              1553    
76              1553    
77              1575    
78              1598    
79              1589    
80              1578    
81              1580    
82              1608    
83              1516    
84              1559    
85              1525    
86              1539    
87              1515    
88              1552    
89              1597    
90              1563    
91              1572    
92              1617    
93              1640    
94              1531    
95              1531    
96              1575    
97              1629    
98              1591    
99              1536    
100             1548    
101             1612    
102             1532    
103             1486    
104             1520    
105             1612    
106             1605    
107             1551    
108             1551    
109             1596    
110             1591    
111             1594    
112             1567    
113             1580    
114             1601    
115             1630    
116             1545    
117             1554    
118             1596    
119             1574    
120             1544    
121             1565    
122             1504    
123             1514    
124             1553    
125             1573    
126             1598    
127             1575    
128             1560    
129             1576    
130             1573    
131             1550    
132             1566    
133             1589    
134             1560    
135             1570    
136             1569    
137             1561    
138             1510    
139             1518    
140             1590    
141             1534    
142             1562    
143             1609    
144             1601    
145             1605    
146             1580    
147             1509    
148             1550    
149             1570    
150             1528    
151             1530    
152             1590    
153             1581    
154             1586    
155             1619    
156             1542    
157             1542    
158             1549    
159             1590    
160             1464    
161             1486    
162             1525    
163             1549    
164             1565    
165             1581    
166             1562    
167             1518    
168             1518    
169             1601    
170             1547    
171             1555    
172             1604    
173             1532    
174             1533    
175             1561    
176             1581    
177             1602    
178             1569    
179             1569    
180             1581    
181             1577    
182             1578    
183             1499    
184             1540    
185             1580    
186             1572    
187             1572    
188             1590    
189             1587    
190             1546    
191             1459    
192             1473    
193             1541    
194             1578    
195             1555    
196             1569    
197             1561    
198             1568    
199             1552    
200             1548    
