0               1638    
1               1530    
2               1416    
3               1367    
4               1281    
5               1164    
6               1141    
7               1101    
8               1068    
9               906     
10              906     
11              917     
12              887     
13              862     
14              731     
15              731     
16              715     
17              636     
18              655     
19              677     
20              587     
21              594     
22              572     
23              575     
24              566     
25              520     
26              493     
27              478     
28              489     
29              441     
30              447     
31              426     
32              424     
33              430     
34              448     
35              404     
36              381     
37              378     
38              378     
39              389     
40              381     
41              348     
42              348     
43              369     
44              268     
45              268     
46              289     
47              300     
48              294     
49              286     
50              289     
51              294     
52              294     
53              287     
54              269     
55              265     
56              254     
57              255     
58              240     
59              223     
60              225     
61              228     
62              203     
63              203     
64              210     
65              211     
66              221     
67              215     
68              225     
69              200     
70              205     
71              171     
72              171     
73              176     
74              191     
75              202     
76              201     
77              168     
78              176     
79              158     
80              158     
81              170     
82              168     
83              171     
84              168     
85              175     
86              138     
87              144     
88              148     
89              148     
90              153     
91              175     
92              165     
93              151     
94              156     
95              162     
96              155     
97              159     
98              123     
99              126     
100             139     
101             150     
102             140     
103             135     
104             138     
105             138     
106             127     
107             118     
108             119     
109             128     
110             127     
111             129     
112             120     
113             129     
114             119     
115             99      
116             107     
117             135     
118             110     
119             110     
120             117     
121             129     
122             111     
123             120     
124             105     
125             105     
126             106     
127             119     
128             112     
129             124     
130             106     
131             106     
132             108     
133             93      
134             93      
135             100     
136             113     
137             87      
138             87      
139             100     
140             96      
141             93      
142             96      
143             81      
144             89      
145             110     
146             95      
147             95      
148             99      
149             90      
150             93      
151             97      
152             106     
153             90      
154             79      
155             80      
156             93      
157             83      
158             77      
159             77      
160             77      
161             80      
162             92      
163             93      
164             90      
165             87      
166             92      
167             87      
168             90      
169             85      
170             73      
171             77      
172             89      
173             66      
174             66      
175             81      
176             85      
177             71      
178             77      
179             77      
180             81      
181             74      
182             81      
183             64      
184             68      
185             85      
186             78      
187             82      
188             73      
189             77      
190             71      
191             71      
192             87      
193             75      
194             63      
195             67      
196             75      
197             70      
198             73      
199             81      
200             77      
201             77      
202             82      
203             65      
204             70      
205             76      
206             66      
207             68      
208             67      
209             71      
210             64      
211             59      
212             65      
213             71      
214             70      
215             64      
216             67      
217             54      
218             57      
219             61      
220             59      
221             61      
222             74      
223             62      
224             62      
225             77      
226             67      
227             74      
228             61      
229             61      
230             68      
231             78      
232             66      
233             71      
234             65      
235             68      
236             60      
237             61      
238             73      
239             62      
240             62      
241             66      
242             74      
243             70      
244             69      
245             71      
246             69      
247             70      
248             63      
249             69      
250             68      
