0               52      
1               43      
2               43      
3               49      
4               74      
5               33      
6               37      
7               53      
8               54      
9               38      
10              36      
11              36      
12              43      
13              44      
14              38      
15              42      
16              43      
17              36      
18              36      
19              41      
20              45      
21              48      
22              52      
23              41      
24              41      
25              47      
26              48      
27              49      
28              36      
29              42      
30              42      
31              40      
32              51      
33              43      
34              45      
35              41      
36              38      
37              40      
38              53      
39              70      
40              43      
41              46      
42              34      
43              34      
44              43      
45              38      
46              42      
47              53      
48              53      
49              50      
50              49      
51              35      
52              36      
53              37      
54              37      
55              37      
56              44      
57              55      
58              61      
59              46      
60              49      
61              41      
62              41      
63              49      
64              48      
65              48      
66              61      
67              39      
68              31      
69              34      
70              41      
71              45      
72              48      
73              44      
74              39      
75              39      
76              47      
77              36      
78              48      
79              54      
80              49      
81              49      
82              54      
83              38      
84              38      
85              44      
86              54      
87              37      
88              26      
89              30      
90              37      
91              38      
92              43      
93              46      
94              39      
95              43      
96              55      
97              52      
98              45      
99              41      
100             42      
101             46      
102             35      
103             37      
104             43      
105             35      
106             39      
107             51      
108             44      
109             44      
110             50      
111             51      
112             45      
113             41      
114             36      
115             39      
116             37      
117             43      
118             42      
119             42      
120             39      
121             39      
122             40      
123             45      
124             37      
125             47      
126             44      
127             44      
128             47      
129             38      
130             31      
131             35      
132             46      
133             37      
134             28      
135             29      
136             35      
137             36      
138             47      
139             34      
140             35      
141             37      
142             35      
143             44      
144             34      
145             34      
146             33      
147             40      
148             43      
149             49      
150             23      
151             23      
152             29      
153             34      
154             31      
155             32      
156             37      
157             44      
158             37      
159             44      
160             49      
161             40      
162             33      
163             34      
164             35      
165             33      
166             34      
167             41      
168             51      
169             52      
170             48      
171             48      
172             52      
173             34      
174             38      
175             34      
176             35      
177             27      
178             33      
179             36      
180             38      
181             49      
182             38      
183             41      
184             53      
185             32      
186             32      
187             36      
188             38      
189             36      
190             40      
191             50      
192             48      
193             53      
194             37      
195             37      
196             24      
197             30      
198             45      
199             40      
200             41      
201             44      
202             46      
203             53      
204             45      
205             47      
206             54      
207             48      
208             47      
209             36      
210             40      
211             39      
212             37      
213             37      
214             41      
215             39      
216             41      
217             39      
218             48      
219             47      
220             52      
221             39      
222             46      
223             43      
224             32      
225             33      
226             44      
227             40      
228             44      
229             32      
230             34      
231             49      
232             43      
233             45      
234             45      
235             49      
236             59      
237             50      
238             51      
239             41      
240             31      
241             40      
242             42      
243             43      
244             38      
245             39      
246             45      
247             50      
248             57      
249             27      
250             32      
